100
0.00039321243469215173 624.52399669259739 0.31415926535897931 3.1955652142710451 -0.89397089894369441 -0.44812501809406136
0.0014575747593461026 579.67461472495779 0.32608610767599155 2.4042735235585324 -0.77451613861834701 -0.63255414868588566
0.0044602872134858187 538.04603303646081 0.33846574442990318 3.9791401771972175 -0.87478004646383389 -0.48452024757354839
0.01157054562068916 499.40695402649402 0.35131536565279747 2.4441029452701049 -0.89931937750377422 -0.43729241617734915
0.02603381830726427 463.54269043206477 0.36465281398460642 1.5604660174659024 -0.27839400897566063 -0.96046695714452346
0.051817130339800205 430.25397247792006 0.37849660944892155 0.33182970070799955 -0.91007389990642418 -0.4144460118147017
0.092796956521004365 399.35584068963101 0.39286597516940353 4.875636913210716 -0.23640198285909447 -0.97165534141499388
0.1517301379138481 370.67661821787516 0.40778086406249603 6.0887318497217819 -0.56937476403300757 -0.82207808514906722
0.22938400819409141 344.05695696391473 0.42326198654351216 4.934248407378603 -0.8970475234694989 -0.44193409082943452
0.32414223210653781 319.34895220634291 0.43933083928456212 3.0343641953867064 -0.52590979565782314 -0.85054034991359861
0.43222472625946101 296.4153208097614 0.45600973506425624 4.0613874352569486 -0.78820495880314156 -0.61541282316680557
0.54854922172738629 275.12863844933787 0.47332183375063192 1.7329059670535543 -0.64836515809832851 -0.76132950932177157
0.66844280801671763 255.37063161309342 0.49129117446032672 5.4817655442137836 -0.7317554956808402 -0.68156723405757114
0.79096460626782039 237.03152044812964 0.50994270893865112 2.29595528067953 -0.68155498137166293 -0.7317669078111364
0.92481863287038257 220.00940879950167 0.52930233620691514 3.6907091391051741 -0.5565884371994545 -0.83078836750153695
1.0954245834242156 204.20971805266191 0.54939693852511362 1.8188464233993484 -0.41785743114086238 -0.90851261259289051
1.3432309552510937 189.54466163377151 0.57025441871991511 2.3993947160835969 -0.62031379592959601 -0.78435374326856855
1.685560939270111 175.93275724809519 0.59190373892977843 6.2575571401311434 -0.74845483756930342 -0.66318576290441245
2.0166392036276681 163.29837414636177 0.61437496082100251 1.97819359856314 -0.99974604018588609 0.02253564138516443
2.1015639233662302 151.57131290360593 0.63769928733055103 4.0325774255815983 -0.92230280838605649 -0.38646801891384652
1.9373631470499999 140.68641537564673 0.66190910599361585 3.3956820520463253 -0.75562521336710553 -0.65500422664584101
1.6567312192277535 130.58320266603772 0.68703803391608131 2.5073545248921736 -0.88123684069403252 -0.47267497353213067
1.4001657421307954 121.20553909195161 0.71312096445433559 0.4289714815384198 -0.12581924065042652 -0.99205318339399029
1.2270963522641696 112.50132028191867 0.74019411566725279 4.2482881365137786 -0.53843117786768169 -0.84266948841169098
1.125933837024234 104.42218367242329 0.76829508060761831 5.4902797882729306 -0.26049896648511656 -0.96547412625102813
1.0636678728824116 96.923239794811522 0.79746287952283645 3.1574911861272632 -0.58769309104434941 -0.80908394542144879
1.0150432716895885 89.962822859482245 0.82773801403739988 1.972265286081694 -0.43317171948088123 -0.9013114120224911
0.96859914956569793 83.50225925155091 0.85916252339236099 3.3012540941762079 -0.70088760655976012 -0.71327173150975987
0.92145178627649815 77.50565265169746 0.89178004281989731 1.2228037612022875 -0.66703037866240156 -0.74503051879872229
0.87370556907637198 71.939684588282589 0.92563586413402565 0.16388708412607356 -0.77005836745731593 -0.63797344044166404
0.82599910185955339 66.773429312555265 0.96077699862160193 2.1647352266900692 -0.83165683181856209 -0.55528993696042428
0.77891372288528682 61.978181968357447 0.9972522423209349 5.2807180793132327 -0.53666759147009446 -0.84379375220825603
0.73290420088399588 57.527299101598722 1.03511224377866 2.7666500435571919 -0.83922412913075306 -0.5437856756891718
0.68831137828580402 53.396050623336954 1.0744095743789523 1.3503466157942554 -0.4488477670266306 -0.8936082374481602
0.64538093292412935 49.56148240393793 1.1151988013427465 0.20889079561129562 -0.98424184681483262 -0.17682756283602266
0.60428051828330331 46.002288734858197 1.157536563498313 6.2608988865800477 -0.76053059754991559 -0.64930209470659206
0.56511472779845784 42.698693949418974 1.2014816499284249 3.3920013852936144 -0.73285515199778462 -0.68038468985589617
0.52793790766299009 39.632342544831644 1.2470950816032977 0.30965697357989175 -0.71086873091571989 -0.70332470979361583
0.49276496060941577 36.786197194967031 1.2944401961126795 2.8737868840357681 -0.59551298438222711 -0.80334568240090354
0.4595803381509766 34.144444087206026 1.3435827356147287 0.44369515934956399 -0.17595464218985485 -0.98439827503497801
0.42834544026355464 31.69240505740138 1.3945909381238164 3.3462696605035918 -0.98054019378153645 -0.19631843616651723
0.39900464182216772 29.416456034753669 1.4475356322640036 5.1488198762760433 -0.8547803005895338 -0.51899001697919611
0.37149015285508946 27.303951343462614 1.5024903356197741 1.0041888999183781 -0.59890217969274373 -0.80082218947733996
0.34572590070362413 25.343153440557423 1.5595313568205829 2.2177995862326303 -0.99146994175080472 0.13033554620538468
0.32163060034451624 23.523167699513856 1.6187379015009742 5.3691121471994387 -0.67439075288719497 -0.73837464231935968
0.2991201568894401 21.833881877301263 1.6801921822834074 0.1934038663239461 -0.82631703195124717 -0.56320525806075483
0.2781095230769573 20.265909928525353 1.7439795329364991 4.3765137511630554 -0.94352966774768487 -0.33128804095521364
0.25851411520284306 18.810539854485416 1.810188526867214 3.9640980187668866 -0.76680031356685319 -0.64188572122596377
0.24025087374468729 17.459685297384095 1.8789111001115204 0.98562854741558359 0.073609118724919403 -0.99728716909450943
0.22323904000011885 16.205840610736121 1.9502426789943137 6.1868431781712161 -0.43288895428259389 -0.90144725484085997
0.20740070728676813 15.042039156337648 2.0242823126358491 0.8344823310587971 -0.38166225300167955 -0.92430185796290698
0.19266119446784596 13.961814596084523 2.1011328104887048 1.355975812745672 -0.51573309596021666 -0.85674930623332868
0.17894928055224466 12.959164963568671 2.1809008850962277 3.8101772985033762 -0.5106167525122759 -0.85980842753128284
0.16619733164323841 12.02851931582612 2.2636973002707195 4.9893099261562295 -0.50500261842234695 -0.86311781083845873
0.15434134535455829 11.164706779946645 2.3496370248970955 0.21250304488977065 -0.91157874967338914 -0.41112550777578932
0.14332093277288041 10.362927822560964 2.4388393925756038 4.5382622655835183 -0.693217016624045 -0.72072891426864405
0.13307925394024039 9.6187275825726104 2.5314282673252624 1.660267027934782 -0.41197744486632154 -0.91119404350633071
0.12356291949986919 8.927971118964992 2.6275322155781233 4.3693247139274503 -0.99782846256398294 -0.065866222733645174
0.11472186845892592 8.2868204361552671 2.7272846847031742 0.93823214393311394 -0.96345814107483885 -0.26785893749624234
0.10650922985626331 7.6917131592425578 2.8308241883077838 1.5325191772775602 -0.79635982694321383 -0.60482313615715333
0.098881174386722115 7.1393427406656835 2.9382944985739852 5.039892090679472 -0.4255945297391549 -0.90491397174323018
0.091796760645131759 6.6266400882940761 3.0498448458966796 4.9689260726700484 -0.69045000934865353 -0.72338011072357
0.085217779547343012 6.1507565128735724 3.1656301261009667 3.4132412015849174 -0.55940185154419053 -0.82889659698235663
0.079108599607794872 5.7090479000793088 3.285811115526339 6.0643166979488194 -0.99993065648888746 0.011776341269791685
0.073436015059028872 5.2990600192321278 3.4105546942763998 5.1926629092558292 -0.33376562389712638 -0.94265609227573655
0.068169098252050697 4.9185148870504891 3.540034077944108 0.61558250237683709 -0.62205381609770594 -0.7829744886509914
0.063279057348198234 4.5652981106718711 3.6744290581343124 6.0363342435671798 -0.94669185432076408 -0.32214054846093682
0.058739099979455311 4.237447139618709 3.8139262521175619 5.1295363591675613 -0.95726711843573653 -0.28920522810236599
0.054524303295813766 3.9331403614341935 3.9587193619618377 5.8506613850947184 -0.53380182665585374 -0.84560960842393096
0.050611490619863343 3.6506869804008133 4.1090094435020763 1.7219931702021378 -0.53980359914300724 -0.84179099208310348
0.046979114777967887 3.3885176231056811 4.2650051855209039 5.46405195281279 -0.27943592624574365 -0.96016434172655218
0.043607148064078637 3.1451756186549673 4.4269231995282992 4.3247232248399516 -0.55560197773507036 -0.83144840028523626
0.040476978708621887 2.9193089050884815 4.5949883205425257 2.5817981961753738 -0.936688149681557 -0.35016469017612417
0.037571313664479911 2.709662517024563 4.7694339192900319 0.77535579426935186 0.045118409802300675 -0.99898164602604766
0.034874087479895718 2.5150716127950679 4.9505022262577807 2.853749192539381 -0.98496755974042727 -0.1727394172127133
0.03237037700001523 2.3344550023275961 5.1384446680480247 5.482999963184672 -0.85071511610994033 -0.52562704574826702
0.030046321621622647 2.166809139814498 5.3335222165025398 3.4406531364770809 -0.88364036053007222 -0.4681663307439824
0.027889048816782676 2.0112025477905462 5.5360057510811558 3.4784735671900773 -0.0026418008484215827 -0.99999651043805016
0.025886604638644718 1.8667706416382717 5.7461764349977074 5.593751581787874 -0.74960726293757396 -0.66188288341007795
0.024027888924918625 1.73271092576474 5.9643261056357488 5.0363130205812325 -0.15491145736370818 -0.98792835791744127
0.022302594920309868 1.6082785347586719 6.1907576797861195 0.56107577563449718 -0.46091908917070107 -0.88744216331998294
0.020701153047475319 1.4927820947535788 6.4257855742691028 4.7526230339312416 -0.69723642027295729 -0.7168412475889987
0.019214678566105696 1.3855798820017577 6.6697361425251991 5.3088519201994746 -0.68179976910376661 -0.73153884028809468
0.017834922870925567 1.2860762573153199 6.922948127780761 1.0597614157370392 -0.42220258489638945 -0.90650150430476784
0.016554228191288354 1.1937183565632077 7.1857731334177846 3.4883703794524132 -0.57228276429565106 -0.82005636250816827
0.015365485467288643 1.1079930188358911 7.4585761112009363 5.3354115157392128 -0.78071899017702273 -0.62488227561435117
0.014262095189626863 1.0284239352099349 7.7417358680398145 0.65823141111086347 -0.80344006522672462 -0.59538564106675984
0.013237931002671555 0.95456900227034946 8.0356455919900593 1.2207667583782025 -0.46065645768430741 -0.887578519339977
0.012287305882102646 0.88601786568629826 8.3407133982237784 1.2707383935927719 -0.97413028644995292 -0.22598713463587389
0.011404940710103065 0.82238964019174277 8.6573628957273314 4.0219035336977429 -0.092783319582465815 -0.99568632390289369
0.010585935082201412 0.76333079330271836 8.9860337755134427 3.6324023392645559 -0.89426790285988 -0.44753203004320496
0.0098257401905285733 0.70851318101271987 9.3271824211643359 4.9833377977899502 -0.91472492058273103 -0.4040771209372247
0.0091201336383876525 0.65763222455206993 9.6812825425537898 5.8161156361339099 -0.99999275111874275 0.0038075858451545814
0.0084651960506585619 0.61040521808096071 10.04882583362796 6.2011240876103262 -0.85260991335272629 -0.52254792665616479
0.0078572893536380511 0.56656975791332043 10.430322655158442 2.0749605313544093 -0.85195701530853774 -0.52361173026066554
0.0072930366064844826 0.52588228454394226 10.826302743415546 4.5063409385477868 -0.22898341084602533 -0.97343032496287085
0.0067693032744804852 0.48811672937803641 11.237315945745928 5.4503540644308428 -0.94877002948148481 -0.31596745268730214
0.0062831798418882855 0.45306325864415498 11.663932984075876 5.6773841648557921 -0.60765171613348523 -0.79420362117030818
0.0058319656692453021 0.42052710751137917 12.106746247400491 0.63548680681774106 -0.84670088885212458 -0.5320691729625221
0.0053132367890552281 0.39032749793287314 12.566370614359176 3.5162824362115299 -0.37618715939428543 -0.92654369627495625